"TAPIO_PC1" "TAPIO_weighted" "kml3d" "fPCA_KMeans" "DTW" "TS2Vec" "RankWalk_GNN"
"1" 0.498356175275717 0.577215138907529 0.608116519526833 0.693488902208969 0.52090464662325 0.474000961784334 0.683502285112156
"2" 0.547949949915961 0.578791902585511 0.677041658221115 0.800689736296897 0.710557132850584 0.525995804715532 0.763193497387537
"3" 0.631044550693454 0.521761346821865 0.606807819842054 0.687168058721194 0.677803607474977 0.399297064070936 0.665119789249671
"4" 0.404532435710286 0.457251367625644 0.578873720482759 0.645783707008197 0.644720390326148 0.45380010137494 0.715272964570743
"5" 0.325275678362793 0.284971321057089 0.52548238899465 0.610718408356452 0.605249217105688 0.469411799018275 0.384083914580226
"6" 0.339335643346322 0.466943384811871 0.672590198155428 0.679465118774217 0.716454589988859 0.474145056745327 0.762555474440162
"7" 0.459248408063612 0.32790432461008 0.602227568483046 0.696564544600607 0.660620887864896 0.325669511002229 0.686076993814368
"8" 0.2689681533788 0.403113105644103 0.673676791421628 0.713645786756636 0.652549291680867 0.514332899188253 0.70734797612544
"9" 0.494159084081221 0.432245781793961 0.681445994034526 0.800878307000676 0.698101448243356 0.586740287291289 0.731564505589554
"10" 0.426400649419939 0.36257850068063 0.630847223803433 0.709185831878612 0.709309519362999 0.412311962027768 0.671515235121759
"11" 0.367108935077299 0.275415030570618 0.643376161761358 0.727285296593455 0.705904735761019 0.500365655973336 0.762760669809071
"12" 0.393987096585403 0.415094339622642 0.527932168153196 0.699446440071749 0.597754237316848 0.425887001990596 0.601154323157652
"13" 0.382270622360185 0.411301226286553 0.658002467531321 0.712149199965073 0.690548151331298 0.435040008885659 0.720685271056403
"14" 0.368895939266769 0.476833137063322 0.549295955191567 0.664112235760224 0.630606110920976 0.43381253871912 0.607405904982117
"15" 0.39916425832543 0.55629136418653 0.581431549025675 0.778140644967556 0.715691593349577 0.471952585117748 0.681844672408458
"16" 0.223548253804953 0.38526282949514 0.489928056090069 0.554725399194261 0.556457480503435 0.316705971134799 0.546411860978763
"17" 0.635420875420875 0.561514611959476 0.659114323509869 0.729993758649697 0.702748725580991 0.44335274421993 0.719965841462843
"18" 0.299403918545029 0.567977825845013 0.607464195553542 0.720924831066783 0.694892219947057 0.519754235811295 0.717575301245609
"19" 0.275834786174487 0.434697697750723 0.644543723609693 0.710097508871344 0.675403792241287 0.444718770867882 0.683424506366364
"20" 0.343169390595411 0.280010538479798 0.689137925294061 0.705888656845795 0.796210541776655 0.424420842378226 0.734731777547717
"21" 0.343695290659882 0.501905380936301 0.662287775905742 0.773659009496849 0.559965878893125 0.484897596303002 0.613245061874167
"22" 0.449701194887519 0.575108316514747 0.569161482868911 0.636241363102073 0.656745394672979 0.458642995444675 0.64887023042436
"23" 0.300816568853592 0.369090748141858 0.601799618771925 0.621165595318372 0.612546612546613 0.377391995421896 0.638522341503267
"24" 0.38307567299892 0.373738302149854 0.605737345951226 0.715294823820029 0.621360502245817 0.464702466851157 0.674018674711379
"25" 0.327034733290555 0.505072648685527 0.570906124210285 0.591670161277716 0.497777777777778 0.355332396273944 0.821797951597429
"26" 0.239253763838772 0.388574209669346 0.634902791394712 0.726532669529203 0.700196197363026 0.527783616462613 0.762620601536123
"27" 0.370949170031967 0.465930596817763 0.636203871211611 0.768739026818101 0.748785515600434 0.411757588820254 0.7414158699958
"28" 0.373858424492586 0.357826329358706 0.620678065562284 0.61552113138309 0.593035667613041 0.444889947624534 0.697539135663762
"29" 0.368342465273688 0.519770216430988 0.651662107943001 0.658761917205252 0.582767225190906 0.40962596370737 0.601139166595556
"30" 0.298652750142197 0.441427126581847 0.496225110788483 0.571640947071238 0.694994538649273 0.493004828357169 0.69628459913637
"31" 0.351697734009948 0.359861864602523 0.678931558515392 0.666057185578865 0.601276196020143 0.44833377967117 0.711597136743877
"32" 0.31906945118085 0.44238098799319 0.522481582807548 0.623914370726346 0.648167400791431 0.284037609608686 0.562887590739346
"33" 0.224232106836434 0.442250819840753 0.651706936591345 0.696647783329836 0.776646355316386 0.461737569631533 0.584366480823591
"34" 0.466144493978345 0.679100658733272 0.695962148407726 0.810588082632264 0.637107952710211 0.426999259389783 0.651849756613656
"35" 0.28025766898361 0.307719417633124 0.466785347344435 0.620135805781193 0.536012206635502 0.403261995396014 0.590097959905099
"36" 0.240479065624072 0.308119344632722 0.661076832188982 0.663197214497141 0.537464877625454 0.391855993531816 0.563530672906867
"37" 0.295825925417583 0.538385006536282 0.658579061055896 0.753399989012055 0.693063973063973 0.417924261545705 0.720001409060394
"38" 0.428421454032993 0.530030367936542 0.586430367431903 0.721513369351049 0.516907541948053 0.402168804292403 0.686531933654631
"39" 0.261888220444227 0.543733005287715 0.627806916037748 0.808582536108466 0.696237982378303 0.307138828561783 0.789476502061936
"40" 0.296024158022946 0.430677313724364 0.729745271245748 0.702949083078398 0.631933974727615 0.461737856418348 0.754108772460758
"41" 0.546741915731987 0.56119977187056 0.643581605395012 0.677225043769186 0.620989336946138 0.494294966242585 0.655549446116442
"42" 0.289039049153215 0.336720964259769 0.612326966829715 0.694089684203948 0.63574680585653 0.374853944330129 0.585519430909492
"43" 0.26579241857141 0.524453587387235 0.682631308758412 0.74103163543814 0.577796975433168 0.490686474805812 0.596405776831823
"44" 0.509245414557991 0.536880792373472 0.764903560694632 0.797563725430197 0.786881037673384 0.595286195286195 0.845950883991807
"45" 0.331703932427825 0.286142220736389 0.600549441970877 0.733115524712936 0.643389513472969 0.492492618208262 0.626397602256412
"46" 0.254754823078149 0.591204528105611 0.631586384848623 0.689757251615121 0.571594356401601 0.470537980863113 0.693993922543015
"47" 0.249077583322275 0.340571360765788 0.392747579671611 0.655232389013166 0.462444511043484 0.297700546976844 0.516219932484251
"48" 0.225143465222272 0.448269457417745 0.567351050007369 0.666529742846184 0.608322581038026 0.156990784489512 0.646152967757196
"49" 0.285991480905061 0.460787382704131 0.693290730485841 0.809620135077891 0.738913741835688 0.514155304139635 0.751112533085134
"50" 0.404763278632208 0.56067524079176 0.615738530200235 0.744256702915137 0.61978851401847 0.529984834353069 0.750259445760056
